,year,cityu
0,1966,1
1,1967,1
2,1974,1
3,1984,1
4,1985,2
6,1988,1
7,1990,1
8,1993,2
10,1994,2
12,1995,5
17,1996,1
18,1997,3
21,1998,10
31,1999,1
32,2000,2
34,2001,6
40,2002,4
44,2003,7
51,2004,4
55,2005,2
57,2006,2
59,2007,5
64,2008,7
71,2009,9
80,2010,5
85,2011,3
88,2012,10
98,2013,5
103,2014,8
111,2015,6
117,2016,6
123,2017,6
129,2018,2
131,2019,1
